Header

67 01 01 13 00 00 00 00 00 07 00


  id  |        mac address      |type| fw  version |conn| grpid | 10 |dimr| temp  | r  g  b  | w  | name
------|-------------------------|----|-------------|----|-------|----|----|-------|----------|----|-------------------------------------------------|------------------------
0A ED | AA 94 07 00 00 26 18 84 | 0A | 01 02 04 01 | 02 | 05 00 | 01 | 02 | 8E 0A | FF 04 24 | FF | 4D 61 74 74 20 2D 20 42 65 64 00 00 00 00 00 00 | 00 00 00 00 00 00 00 00 
FF FF | AF 99 07 00 00 26 18 84 | 00 | 00 00 00 00 | 00 | 00 00 | 00 | 64 | 00 00 | 01 00 00 | FF | 00 00 00 00 00 00 00 00 00 00 00 00 00 00 00 00 | DD 45 00 00 00 00 00 00 
42 FE | E0 96 02 00 00 26 18 84 | 02 | 01 02 04 92 | 02 | 06 00 | 00 | 64 | 51 0F | 01 0C DF | FF | 4C 6F 66 74 20 4C 69 67 68 74 00 00 00 00 00 00 | 00 00 00 00 00 00 00 00 
FF FF | 95 03 04 00 00 26 18 84 | 04 | 01 02 04 01 | 00 | 01 00 | 00 | 64 | 8C 0A | 9D FF 7E | FF | 41 31 39 20 57 20 36 30 20 30 31 00 00 00 00 00 | E1 0F 00 00 00 00 00 00 
E6 5E | 06 7C 05 00 00 26 18 84 | 0A | 01 02 04 01 | 02 | 06 00 | 00 | 64 | 10 0B | FF 00 00 | FF | 4C 6F 66 74 20 4C 45 44 20 53 74 72 69 70 00 00 | 00 00 00 00 00 00 00 00 
17 32 | 64 E8 E8 00 00 26 18 84 | 40 | 10 00 51 01 | 02 | 00 00 | 01 | 64 | 00 00 | 01 00 00 | FF | 4D 61 74 74 20 2D 20 44 69 6D 6D 65 72 00 00 00 | 00 00 00 00 00 00 00 00 
3C A7 | 1F C5 07 00 00 26 18 84 | 0A | 01 02 04 01 | 02 | 05 00 | 00 | 64 | 8E 0A | 9E FF 7E | FF | 4D 61 74 74 20 2D 20 48 61 6C 6C 00 00 00 00 00 | 00 00 00 00 00 00 00 00 
------|-------------------------|----|-------------|----|-------|----|----|-------|----------|----|-------------------------------------------------|------------------------
00 01   02 03 04 05 06 07 08 09   10   11 12 13 14   15   16 17   18   19   20 21   22 23 24   25   26 27 28 29 30 31 32 33 34 35 36 37 38 39 40 41   42 43 44 45 46 47 48 49
